watershed-scale-big-spring/data/model/dem.asc
ncols        64
nrows        61
xllcorner    392153.000000000000
yllcorner    3884381.000000000000
cellsize     200.000000000000
NODATA_value  -3.4028229999999999496e+38
[rows 20 to 39 of 61, columns 0 to 44 of 64]
2131.218017578125 2138.10693359375 2131.29541015625 2131.68359375 2132.028564453125 2131.470458984375 2133.28076171875 2136.24951171875 2136.6962890625 2133.81201171875 2141.423583984375 2139.7294921875 2150.047607421875 2136.79248046875 2137.188232421875 2138.93017578125 2141.64306640625 2155.6171875 2156.486328125 2158.416748046875 2156.225341796875 2155.655517578125 2156.208984375 2163.127685546875 2179.430908203125 2183.58984375 2188.3310546875 2188.493896484375 2172.248779296875 2172.091064453125 2183.697509765625 2223.380615234375 2217.14501953125 2171.14990234375 2167.2197265625 2172.63037109375 2175.52587890625 2176.811279296875 2164.692626953125 2156.119384765625 2154.792724609375 2152.993408203125 2148.7216796875 2146.241943359375 2145.29833984375
2122.963623046875 2131.621337890625 2127.706298828125 2133.53076171875 2140.3037109375 2136.9453125 2151.157470703125 2148.001220703125 2150.720703125 2145.759765625 2140.71484375 2135.899658203125 2136.1728515625 2136.435302734375 2140.332763671875 2177.81494140625 2163.695068359375 2155.93359375 2165.01220703125 2170.418701171875 2161.4150390625 2160.00830078125 2158.487548828125 2157.835205078125 2172.147216796875 2178.508544921875 2166.216796875 2162.877197265625 2184.546630859375 2175.84033203125 2180.78173828125 2199.08642578125 2191.289306640625 2174.010498046875 2168.71435546875 2180.150634765625 2185.35888671875 2179.660888671875 2158.678955078125 2140.099365234375 2127.298828125 2139.252197265625 2135.270263671875 2136.583740234375 2132.29833984375
2118.75732421875 2138.117919921875 2140.82373046875 2140.05126953125 2145.0380859375 2147.796142578125 2168.794677734375 2158.76708984375 2180.40380859375 2165.57275390625 2154.505859375 2136.965576171875 2136.395263671875 2136.622314453125 2157.207275390625 2213.75390625 2205.3232421875 2192.833984375 2201.171142578125 2199.29638671875 2177.21630859375 2172.02880859375 2168.939697265625 2166.8330078125 2168.967529296875 2167.8857421875 2160.399658203125 2162.99267578125 2188.414794921875 2187.52880859375 2177.42626953125 2173.116943359375 2171.4150390625 2170.276123046875 2178.677978515625 2191.958740234375 2202.570556640625 2180.92138671875 2150.060791015625 2134.3056640625 2125.282470703125 2119.34326171875 2123.99169921875 2116.8564453125 2110.080078125
2134.56787109375 2143.59912109375 2145.3349609375 2143.72607421875 2147.454833984375 2150.16796875 2168.581298828125 2168.548828125 2177.79931640625 2181.255126953125 2151.157958984375 2139.975830078125 2136.681884765625 2137.475830078125 2150.475830078125 2221.890625 2218.433837890625 2214.007080078125 2215.203125 2215.619384765625 2197.771484375 2182.46240234375 2174.842041015625 2171.642822265625 2172.3349609375 2169.727294921875 2159.919189453125 2162.918212890625 2193.980712890625 2198.49462890625 2184.395751953125 2179.173828125 2171.73193359375 2173.7216796875 2188.8662109375 2212.274169921875 2213.24658203125 2187.602294921875 2144.980224609375 2138.337158203125 2128.198974609375 2123.284423828125 2120.808349609375 2100.88720703125 2098.796142578125
2223.822998046875 2206.69384765625 2187.316650390625 2166.039794921875 2163.557373046875 2168.82958984375 2186.814697265625 2181.461181640625 2173.2314453125 2159.716552734375 2152.115478515625 2142.908935546875 2139.450927734375 2137.479736328125 2139.376708984375 2183.331298828125 2173.63720703125 2185.4482421875 2189.2744140625 2199.19482421875 2197.787353515625 2189.958251953125 2177.52587890625 2176.669189453125 2165.50830078125 2158.896240234375 2161.821044921875 2169.449951171875 2184.41015625 2205.28173828125 2205.490234375 2179.636474609375 2173.121337890625 2175.781005859375 2187.02099609375 2226.117919921875 2195.3525390625 2160.449951171875 2124.604736328125 2117.65966796875 2109.354248046875 2107.0615234375 2103.713623046875 2100.533935546875 2097.446044921875
2259.243408203125 2282.880859375 2240.539306640625 2205.20654296875 2169.188720703125 2172.494873046875 2203.921875 2179.185302734375 2186.03076171875 2188.239013671875 2161.405517578125 2147.01904296875 2145.50830078125 2137.69580078125 2137.987060546875 2161.89599609375 2163.9990234375 2175.765869140625 2183.380126953125 2183.297119140625 2195.28369140625 2205.68505859375 2177.01171875 2175.96533203125 2164.414794921875 2157.5595703125 2160.754150390625 2168.048828125 2195.548095703125 2185.251708984375 2189.71484375 2178.421142578125 2176.31591796875 2175.513916015625 2179.554931640625 2195.03173828125 2184.009033203125 2158.86083984375 2123.11962890625 2116.565673828125 2111.68310546875 2108.083984375 2108.825927734375 2103.93603515625 2097.170654296875
2282.677734375 2316.570068359375 2321.08984375 2255.810791015625 2219.924560546875 2192.789306640625 2177.161376953125 2177.591552734375 2197.147705078125 2227.148681640625 2179.460205078125 2161.319580078125 2178.39794921875 2147.848876953125 2140.650634765625 2139.4951171875 2140.460693359375 2166.524169921875 2174.79248046875 2176.302978515625 2178.25341796875 2178.990478515625 2176.314697265625 2175.935302734375 2158.141845703125 2157.70556640625 2171.388671875 2168.178466796875 2173.941650390625 2183.9267578125 2188.506591796875 2185.82958984375 2188.656005859375 2191.043701171875 2189.223388671875 2169.603759765625 2146.0478515625 2151.794189453125 2125.239501953125 2124.694580078125 2123.35107421875 2121.89892578125 2124.234375 2106.971923828125 2100.09228515625
2270.18310546875 2288.607421875 2306.7900390625 2248.177490234375 2232.685546875 2183.1328125 2176.961181640625 2179.82470703125 2220.10107421875 2214.164794921875 2199.6005859375 2200.292724609375 2191.865966796875 2161.7255859375 2148.91357421875 2140.0478515625 2140.380126953125 2162.715576171875 2169.62744140625 2175.937255859375 2176.83642578125 2176.7939453125 2176.024658203125 2175.69091796875 2157.32080078125 2156.483642578125 2191.59033203125 2191.74951171875 2169.056396484375 2176.424072265625 2180.62841796875 2196.702880859375 2194.130615234375 2212.448486328125 2208.189208984375 2195.7841796875 2171.870849609375 2194.998291015625 2137.29638671875 2137.7001953125 2128.12353515625 2125.19873046875 2125.364501953125 2111.001953125 2104.627685546875
2227.435302734375 2284.436279296875 2255.96142578125 2216.70556640625 2196.859375 2181.494384765625 2181.373779296875 2196.27392578125 2204.989013671875 2229.681884765625 2182.19140625 2174.2880859375 2192.289794921875 2183.219970703125 2179.409423828125 2155.6328125 2141.716796875 2151.874267578125 2160.637451171875 2173.19970703125 2175.132080078125 2174.650390625 2174.61669921875 2171.681640625 2158.156982421875 2154.6982421875 2158.972412109375 2164.444580078125 2167.507080078125 2187.71044921875 2179.57666015625 2203.7626953125 2205.166259765625 2198.734619140625 2189.0791015625 2190.151611328125 2195.1865234375 2186.4990234375 2160.6611328125 2144.254150390625 2127.191162109375 2120.0986328125 2119.67626953125 2111.075927734375 2104.75390625
2222.232666015625 2232.080810546875 2208.691162109375 2188.889892578125 2185.597900390625 2180.595947265625 2174.12744140625 2183.08251953125 2210.56103515625 2210.872314453125 2182.8837890625 2169.329345703125 2161.789306640625 2165.150390625 2168.6884765625 2151.6806640625 2143.6533203125 2145.40625 2154.63916015625 2163.592529296875 2173.875 2174.2490234375 2169.373779296875 2165.52978515625 2170.587646484375 2160.043212890625 2153.150146484375 2152.891845703125 2168.409423828125 2211.3359375 2190.9853515625 2163.9287109375 2172.779541015625 2183.694091796875 2173.51171875 2160.64404296875 2161.96728515625 2159.1806640625 2145.94091796875 2138.595947265625 2122.638427734375 2119.809814453125 2110.255615234375 2095.569091796875 2090.5859375
2196.197509765625 2199.055908203125 2191.12744140625 2183.342041015625 2184.8505859375 2199.794189453125 2173.388671875 2172.6328125 2183.2421875 2183.402099609375 2171.947509765625 2165.119384765625 2163.066162109375 2159.05224609375 2166.5419921875 2147.55908203125 2144.947509765625 2147.456787109375 2148.4033203125 2152.507568359375 2163.69140625 2167.671875 2168.515869140625 2167.885986328125 2172.371337890625 2171.869140625 2154.350830078125 2152.687255859375 2159.680908203125 2190.9013671875 2180.950927734375 2151.85400390625 2163.885009765625 2177.190185546875 2166.676513671875 2148.623779296875 2149.515625 2149.24755859375 2140.463623046875 2131.7431640625 2117.6708984375 2111.6318359375 2096.67333984375 2104.937744140625 2100.551025390625
2181.1943359375 2181.153564453125 2180.73095703125 2180.625732421875 2180.8427734375 2185.70751953125 2187.07666015625 2191.371826171875 2182.226318359375 2173.907470703125 2167.641845703125 2169.0234375 2173.767333984375 2163.67236328125 2158.10400390625 2158.385009765625 2148.468505859375 2167.020751953125 2174.6533203125 2168.099609375 2172.156982421875 2166.9755859375 2172.016357421875 2172.12939453125 2172.66015625 2173.86669921875 2167.6357421875 2155.135986328125 2151.6640625 2155.290771484375 2163.333251953125 2147.02197265625 2144.538330078125 2147.494140625 2145.748291015625 2131.0966796875 2132.732666015625 2132.56005859375 2123.14404296875 2113.95458984375 2102.198974609375 2113.04541015625 2120.183349609375 2109.94921875 2103.534912109375
2182.71240234375 2181.3125 2180.863525390625 2180.53173828125 2180.685302734375 2181.55712890625 2191.5302734375 2194.72705078125 2196.857421875 2195.752685546875 2182.420166015625 2186.86328125 2174.732666015625 2164.842041015625 2160.119873046875 2157.956787109375 2152.991943359375 2176.367431640625 2175.062744140625 2171.668212890625 2170.403564453125 2171.44921875 2174.054443359375 2173.706298828125 2172.818603515625 2173.7275390625 2173.809326171875 2163.4638671875 2160.439697265625 2150.705322265625 2158.211181640625 2156.50537109375 2142.263427734375 2136.277099609375 2133.27880859375 2126.527099609375 2124.957763671875 2120.8056640625 2111.330078125 2115.50830078125 2111.191162109375 2118.96728515625 2119.870849609375 2105.38916015625 2100.709228515625
2188.9658203125 2188.298095703125 2189.3759765625 2183.884765625 2182.0341796875 2187.69580078125 2199.146240234375 2215.46435546875 2212.802978515625 2210.1484375 2205.34765625 2199.2041015625 2186.0185546875 2191.107177734375 2180.540283203125 2167.9169921875 2175.611328125 2178.28076171875 2180.696044921875 2177.0322265625 2173.296875 2175.5693359375 2177.148193359375 2175.46484375 2174.146240234375 2174.880615234375 2174.755615234375 2175.230712890625 2174.12744140625 2156.978515625 2151.14990234375 2163.2177734375 2163.45166015625 2146.94384765625 2153.163818359375 2129.6494140625 2124.01171875 2124.90771484375 2116.37158203125 2108.029541015625 2123.78369140625 2117.1796875 2104.707275390625 2101.822021484375 2114.137939453125
2211.330322265625 2204.950927734375 2186.6943359375 2190.931640625 2201.341064453125 2201.688720703125 2212.80859375 2224.24951171875 2222.20263671875 2220.304931640625 2212.950439453125 2205.52490234375 2188.679443359375 2200.331787109375 2191.56494140625 2178.734130859375 2185.33203125 2180.979736328125 2185.802001953125 2179.146484375 2173.3623046875 2175.791015625 2177.524169921875 2177.243408203125 2175.90283203125 2175.0654296875 2173.789794921875 2174.513671875 2173.823974609375 2161.206298828125 2151.902587890625 2150.04296875 2148.0341796875 2148.2294921875 2153.22705078125 2131.77978515625 2126.3671875 2126.680908203125 2113.755126953125 2123.228271484375 2128.60986328125 2125.8818359375 2108.941162109375 2108.3798828125 2128.1923828125
2258.630126953125 2271.838623046875 2217.489013671875 2171.096923828125 2171.928955078125 2214.0673828125 2242.613037109375 2243.317138671875 2224.505859375 2213.110107421875 2210.73779296875 2210.92578125 2201.295654296875 2202.993896484375 2198.2255859375 2184.290283203125 2190.769287109375 2188.8984375 2186.36083984375 2178.7509765625 2178.560546875 2177.0654296875 2174.112548828125 2172.74072265625 2173.91943359375 2173.21142578125 2172.031494140625 2171.661376953125 2171.052490234375 2169.505859375 2168.09130859375 2161.18603515625 2159.750244140625 2132.72265625 2152.71826171875 2138.01171875 2121.62939453125 2115.143310546875 2131.744384765625 2127.588134765625 2148.86865234375 2178.67578125 2133.68212890625 2126.47509765625 2134.883544921875
2258.719970703125 2237.085693359375 2205.430908203125 2175.682373046875 2167.1103515625 2194.88916015625 2226.720703125 2242.30126953125 2220.27197265625 2209.039306640625 2208.543212890625 2205.451904296875 2200.392578125 2198.798583984375 2199.160888671875 2192.939453125 2191.140625 2191.06494140625 2188.25537109375 2187.060546875 2180.501220703125 2177.905029296875 2170.625 2168.06103515625 2169.420654296875 2169.290283203125 2171.30322265625 2172.9287109375 2172.294189453125 2172.5078125 2172.35595703125 2172.3681640625 2163.8759765625 2130.428955078125 2133.1435546875 2128.3203125 2116.56201171875 2124.798828125 2141.6669921875 2133.69482421875 2141.789794921875 2157.521484375 2152.12548828125 2146.24462890625 2146.830810546875
2243.9326171875 2176.474365234375 2168.8349609375 2159.407470703125 2172.068115234375 2236.46875 2255.994140625 2260.75830078125 2237.607177734375 2230.447265625 2216.24267578125 2211.764404296875 2205.715576171875 2203.342041015625 2205.040771484375 2199.083984375 2199.298583984375 2191.753173828125 2203.005859375 2196.0146484375 2180.294921875 2180.421142578125 2171.505615234375 2174.844970703125 2167.849609375 2163.94775390625 2158.5166015625 2155.43603515625 2163.031982421875 2168.702392578125 2168.927001953125 2169.813720703125 2161.035888671875 2150.391845703125 2121.134765625 2120.8408203125 2146.110107421875 2149.468017578125 2150.724609375 2147.859619140625 2131.2685546875 2133.539306640625 2150.91796875 2146.0478515625 2143.7724609375
2177.31103515625 2169.1455078125 2153.80615234375 2185.631591796875 2213.33544921875 2222.889404296875 2246.590576171875 2259.39794921875 2280.629638671875 2308.6708984375 2262.900390625 2241.198974609375 2221.757080078125 2245.80908203125 2220.792236328125 2212.645751953125 2211.05126953125 2206.954833984375 2197.091796875 2222.572998046875 2207.069091796875 2202.697509765625 2222.922607421875 2194.892822265625 2173.609619140625 2170.203125 2161.28369140625 2156.266845703125 2155.533935546875 2153.87255859375 2162.56591796875 2165.121337890625 2167.09912109375 2149.646240234375 2141.03173828125 2147.9296875 2153.006591796875 2150.40478515625 2149.25634765625 2146.975830078125 2121.95751953125 2129.74365234375 2140.728515625 2138.9697265625 2128.8095703125
2149.7509765625 2137.10009765625 2157.115478515625 2210.0107421875 2208.6201171875 2222.669677734375 2243.3828125 2248.39501953125 2260.121337890625 2286.04833984375 2296.6474609375 2258.90185546875 2244.6923828125 2245.250244140625 2242.538818359375 2222.37060546875 2221.161865234375 2225.185546875 2204.10986328125 2213.634033203125 2216.052001953125 2215.14697265625 2236.30419921875 2198.839599609375 2181.228759765625 2176.35009765625 2163.51025390625 2158.74169921875 2154.46923828125 2152.1884765625 2151.968017578125 2162.619873046875 2164.019775390625 2163.271484375 2162.047607421875 2158.4208984375 2147.59375 2143.71728515625 2134.12158203125 2130.431640625 2119.9580078125 2117.119140625 2129.1201171875 2124.1376953125 2115.474609375
