watershed-scale-big-spring/data/model/dem.asc
ncols        64
nrows        61
xllcorner    392153.000000000000
yllcorner    3884381.000000000000
cellsize     200.000000000000
NODATA_value  -3.4028229999999999496e+38
[rows 40 to 59 of 61, columns 0 to 44 of 64]
2127.081298828125 2137.92041015625 2146.1435546875 2166.861328125 2208.948974609375 2225.620361328125 2231.716552734375 2232.994140625 2236.748779296875 2243.650146484375 2302.812744140625 2293.09130859375 2281.885498046875 2273.822265625 2269.77587890625 2253.138916015625 2236.83544921875 2225.696044921875 2207.75830078125 2229.26220703125 2276.5439453125 2274.263671875 2277.069091796875 2246.6494140625 2203.07666015625 2185.556396484375 2168.5166015625 2162.649169921875 2152.732421875 2152.494873046875 2150.98291015625 2147.905029296875 2148.275146484375 2155.451904296875 2154.962890625 2159.66845703125 2150.19677734375 2145.46142578125 2112.04296875 2103.228759765625 2089.979736328125 2101.7841796875 2104.440673828125 2095.596923828125 2065.23486328125
2123.904296875 2168.888427734375 2184.93310546875 2155.599365234375 2193.281494140625 2221.55078125 2227.440185546875 2229.571044921875 2240.20947265625 2245.139892578125 2293.12451171875 2315.892333984375 2290.82275390625 2269.6533203125 2263.020751953125 2247.289306640625 2241.365234375 2224.114013671875 2210.256103515625 2241.820068359375 2279.559814453125 2304.786865234375 2335.318359375 2295.501220703125 2232.2744140625 2202.822998046875 2171.579345703125 2163.73193359375 2154.949462890625 2147.2890625 2149.951171875 2149.09228515625 2146.240966796875 2146.6962890625 2148.078125 2157.42333984375 2147.392578125 2134.025634765625 2140.913818359375 2117.7099609375 2094.422119140625 2080.647705078125 2079.21142578125 2094.40234375 2084.957763671875
2143.183837890625 2137.505126953125 2145.199951171875 2151.103759765625 2172.31201171875 2215.135986328125 2227.048583984375 2230.7978515625 2234.291748046875 2252.795654296875 2254.156982421875 2258.98828125 2283.4609375 2252.406982421875 2239.513671875 2235.071044921875 2227.88623046875 2218.9208984375 2224.791015625 2255.0830078125 2263.944580078125 2299.02880859375 2363.45068359375 2368.73779296875 2285.6025390625 2229.871826171875 2172.421142578125 2168.655029296875 2163.149169921875 2148.20751953125 2144.487548828125 2142.98388671875 2143.578369140625 2145.178955078125 2144.908935546875 2141.965576171875 2143.330810546875 2144.9130859375 2146.161865234375 2134.38330078125 2114.795654296875 2103.178955078125 2082.435791015625 2065.216064453125 2070.414794921875
2121.37109375 2147.8876953125 2163.86279296875 2180.19580078125 2208.289306640625 2215.578857421875 2225.81591796875 2228.171630859375 2229.099365234375 2241.005126953125 2239.28662109375 2242.0380859375 2257.464599609375 2258.236083984375 2231.89208984375 2224.128173828125 2218.398193359375 2217.732421875 2236.36474609375 2243.727294921875 2260.01513671875 2288.189697265625 2356.784423828125 2346.92431640625 2300.5419921875 2239.437255859375 2174.651123046875 2177.857666015625 2159.436279296875 2152.34912109375 2136.460693359375 2142.234375 2141.595703125 2145.407470703125 2145.387939453125 2143.234619140625 2144.47607421875 2144.833984375 2142.63720703125 2114.420654296875 2098.125244140625 2094.85791015625 2080.730712890625 2071.09033203125 2062.52880859375
2169.002197265625 2176.36279296875 2180.96875 2195.88427734375 2201.852783203125 2210.714599609375 2214.43994140625 2214.248046875 2215.646240234375 2220.24951171875 2229.8525390625 2231.478271484375 2218.6064453125 2246.5400390625 2235.029052734375 2223.073486328125 2220.415771484375 2209.89208984375 2213.532470703125 2225.4931640625 2233.347900390625 2239.707275390625 2274.481201171875 2291.07373046875 2249.549072265625 2216.920166015625 2205.512939453125 2186.819091796875 2161.547119140625 2152.22119140625 2168.69677734375 2134.63427734375 2125.8974609375 2144.448486328125 2144.01171875 2144.10693359375 2143.9658203125 2143.94189453125 2119.026123046875 2098.974609375 2084.61279296875 2079.777099609375 2065.201171875 2064.012939453125 2057.234619140625
2146.41259765625 2172.969482421875 2179.7451171875 2192.4306640625 2195.415771484375 2215.98583984375 2203.760986328125 2204.0048828125 2217.830078125 2221.51220703125 2225.529052734375 2225.711669921875 2207.296875 2200.31591796875 2216.181640625 2236.570068359375 2230.423095703125 2208.72998046875 2208.370361328125 2218.268310546875 2224.514404296875 2226.372802734375 2259.341796875 2260.499755859375 2247.2197265625 2232.136474609375 2217.813232421875 2196.110107421875 2178.272216796875 2179.127197265625 2170.450439453125 2157.095947265625 2128.60205078125 2122.07177734375 2141.9697265625 2141.337158203125 2141.163818359375 2141.1845703125 2116.635009765625 2088.98193359375 2102.16748046875 2095.90380859375 2082.11962890625 2065.343505859375 2071.914794921875
2162.305908203125 2170.133544921875 2175.453857421875 2193.8349609375 2204.64990234375 2210.390869140625 2200.508056640625 2202.895263671875 2215.19189453125 2219.99365234375 2220.863037109375 2222.50048828125 2213.16259765625 2193.24755859375 2197.083251953125 2227.463134765625 2232.15576171875 2211.65283203125 2206.915283203125 2208.9091796875 2213.0166015625 2222.635009765625 2253.031005859375 2259.6552734375 2244.78466796875 2244.176025390625 2208.0068359375 2205.4873046875 2181.94873046875 2182.735595703125 2189.834228515625 2179.610595703125 2139.58544921875 2118.46240234375 2116.879150390625 2140.2587890625 2141.2724609375 2142.8505859375 2092.3623046875 2093.206787109375 2104.471435546875 2097.4873046875 2077.541259765625 2085.91748046875 2078.76123046875
2157.0712890625 2161.533935546875 2169.378662109375 2179.26513671875 2174.210205078125 2209.3388671875 2201.563232421875 2192.304443359375 2211.840576171875 2212.486572265625 2210.5126953125 2209.719482421875 2205.62109375 2190.42138671875 2186.4560546875 2195.11572265625 2199.32373046875 2207.80419921875 2195.55322265625 2223.2265625 2219.7353515625 2234.347900390625 2253.751220703125 2254.4658203125 2260.2119140625 2264.423583984375 2275.171630859375 2254.018310546875 2204.414794921875 2193.477783203125 2212.66650390625 2213.5029296875 2204.474609375 2130.765625 2123.111083984375 2111.017822265625 2114.09814453125 2107.4091796875 2131.2451171875 2131.9541015625 2085.360107421875 2077.3662109375 2070.64697265625 2089.06494140625 2094.1357421875
2148.78271484375 2159.91845703125 2138.041748046875 2135.314697265625 2149.14794921875 2206.244873046875 2206.130615234375 2197.80859375 2207.373046875 2200.7802734375 2207.757568359375 2199.185791015625 2206.030517578125 2189.247802734375 2186.137939453125 2191.85791015625 2192.822509765625 2201.020751953125 2198.898681640625 2219.968505859375 2229.3037109375 2243.650634765625 2251.037353515625 2249.8583984375 2249.233154296875 2254.720458984375 2273.606689453125 2280.04248046875 2222.559326171875 2226.6513671875 2236.204833984375 2197.713134765625 2182.666015625 2135.56298828125 2133.708251953125 2119.588623046875 2111.6416015625 2126.298583984375 2140.852294921875 2128.380126953125 2081.688720703125 2078.211181640625 2083.11865234375 2073.06396484375 2082.358642578125
2131.248779296875 2114.51611328125 2104.73828125 2111.840576171875 2118.3720703125 2156.0380859375 2147.538818359375 2152.7041015625 2119.0810546875 2150.584716796875 2202.278076171875 2188.8515625 2204.489990234375 2185.48876953125 2209.9619140625 2201.048095703125 2190.304931640625 2182.555419921875 2177.66552734375 2185.484375 2247.19384765625 2245.886962890625 2249.80615234375 2246.083251953125 2234.111572265625 2259.9384765625 2270.563720703125 2275.326904296875 2258.097412109375 2257.505126953125 2232.7587890625 2190.115234375 2189.943359375 2170.376953125 2140.989013671875 2146.721435546875 2144.66748046875 2144.2890625 2152.136474609375 2128.57373046875 2100.866943359375 2088.2734375 2093.585693359375 2101.176025390625 2096.563232421875
2124.971923828125 2122.6640625 2111.427978515625 2096.991455078125 2116.894775390625 2156.00439453125 2121.9365234375 2125.850341796875 2113.72607421875 2132.4287109375 2171.22021484375 2181.460205078125 2200.57373046875 2182.7236328125 2213.394775390625 2201.857666015625 2206.837158203125 2201.433837890625 2191.1904296875 2172.957275390625 2226.75146484375 2245.81005859375 2220.782958984375 2238.495849609375 2228.7431640625 2242.44775390625 2250.001953125 2260.18603515625 2250.4013671875 2242.34765625 2207.0625 2190.405029296875 2225.409423828125 2200.9248046875 2158.9541015625 2156.736572265625 2162.13037109375 2159.38623046875 2156.533935546875 2133.1416015625 2128.13671875 2111.07177734375 2091.102783203125 2102.888427734375 2103.27392578125
2112.560791015625 2121.596435546875 2108.604248046875 2096.7861328125 2122.59375 2156.0146484375 2137.55908203125 2109.437255859375 2104.52099609375 2108.342041015625 2110.6748046875 2133.48583984375 2191.495849609375 2175.30712890625 2178.23095703125 2181.52490234375 2199.34765625 2205.043701171875 2197.435302734375 2164.06201171875 2192.533447265625 2202.163330078125 2184.5869140625 2206.78173828125 2225.274658203125 2223.619873046875 2226.652587890625 2227.54248046875 2232.504150390625 2245.403564453125 2214.811279296875 2226.02880859375 2245.384521484375 2205.092041015625 2171.280029296875 2182.42919921875 2176.120849609375 2175.20654296875 2162.946533203125 2136.009765625 2140.0693359375 2136.777099609375 2101.742919921875 2097.513427734375 2095.327392578125
2102.244873046875 2111.123046875 2106.653564453125 2077.074951171875 2081.234130859375 2086.723876953125 2093.851806640625 2087.97998046875 2117.29248046875 2132.52490234375 2124.3505859375 2116.396484375 2184.787109375 2173.6845703125 2191.228515625 2161.719482421875 2163.7001953125 2151.930419921875 2144.93017578125 2179.615478515625 2188.533935546875 2173.298828125 2167.09814453125 2199.21826171875 2230.403076171875 2224.458740234375 2224.55029296875 2233.40380859375 2241.61279296875 2252.207763671875 2242.150634765625 2242.255859375 2238.369384765625 2217.1787109375 2199.94287109375 2201.525634765625 2176.029541015625 2172.75146484375 2159.5390625 2143.292236328125 2121.630859375 2111.129638671875 2109.01953125 2100.22802734375 2098.39599609375
2102.13623046875 2105.17236328125 2101.769287109375 2075.74560546875 2076.19921875 2080.49072265625 2101.612060546875 2095.4921875 2151.92138671875 2173.771728515625 2147.06005859375 2120.5927734375 2170.473876953125 2182.758056640625 2189.34130859375 2179.421142578125 2162.553466796875 2138.06298828125 2137.70166015625 2168.50537109375 2178.41162109375 2160.416748046875 2183.070068359375 2213.595703125 2251.029052734375 2235.415283203125 2235.328857421875 2234.85498046875 2238.0205078125 2240.46875 2235.715576171875 2228.1357421875 2226.47509765625 2191.363525390625 2187.322998046875 2178.877685546875 2170.424072265625 2167.4853515625 2154.896484375 2149.60595703125 2148.9365234375 2138.025146484375 2126.250732421875 2111.073486328125 2104.06884765625
2098.37158203125 2093.47802734375 2079.775634765625 2070.588623046875 2071.2607421875 2127.5009765625 2127.683349609375 2104.9609375 2124.004638671875 2148.39599609375 2134.286865234375 2118.729736328125 2163.942138671875 2183.64306640625 2171.62548828125 2161.609375 2138.194580078125 2130.25 2129.657470703125 2140.160400390625 2164.454833984375 2150.96533203125 2215.982666015625 2226.752685546875 2239.06396484375 2251.76513671875 2244.07666015625 2238.950927734375 2237.793212890625 2236.00537109375 2235.284912109375 2232.381103515625 2219.15234375 2224.4326171875 2222.0087890625 2179.58837890625 2154.749755859375 2159.4267578125 2154.7412109375 2151.94091796875 2149.379638671875 2149.491455078125 2150.4853515625 2140.130126953125 2143.00341796875
2098.288818359375 2088.954345703125 2075.965087890625 2067.938720703125 2069.356201171875 2107.834228515625 2120.281494140625 2105.208740234375 2133.792236328125 2147.798095703125 2111.270263671875 2120.0458984375 2166.77880859375 2179.53759765625 2166.66015625 2142.7373046875 2130.061279296875 2127.583251953125 2127.195068359375 2133.0556640625 2147.93359375 2143.037353515625 2200.635009765625 2212.26123046875 2233.31591796875 2237.98193359375 2240.447265625 2238.209228515625 2235.224609375 2233.279541015625 2232.149658203125 2236.949951171875 2233.2900390625 2229.529052734375 2228.822509765625 2173.107666015625 2153.60498046875 2152.84814453125 2141.957275390625 2132.02978515625 2145.044921875 2146.239990234375 2151.366455078125 2145.592041015625 2142.606201171875
2095.587890625 2081.66064453125 2068.95166015625 2065.24609375 2069.057373046875 2089.365234375 2084.349609375 2086.5263671875 2092.57861328125 2095.60595703125 2120.576416015625 2145.3037109375 2170.8193359375 2169.802001953125 2132.81640625 2129.74560546875 2126.17431640625 2122.47509765625 2122.914306640625 2128.380615234375 2132.413818359375 2140.318603515625 2190.62548828125 2203.969482421875 2232.040283203125 2235.584716796875 2233.33984375 2222.697265625 2221.832763671875 2189.81396484375 2223.660888671875 2226.4599609375 2226.8447265625 2231.50146484375 2232.42822265625 2196.3330078125 2175.567138671875 2166.695556640625 2143.3056640625 2127.114990234375 2087.388671875 2129.05810546875 2146.7158203125 2148.375244140625 2143.555419921875
2088.99169921875 2079.791748046875 2066.181640625 2068.28466796875 2073.32421875 2080.635009765625 2085.677001953125 2087.54736328125 2098.836181640625 2105.99951171875 2131.819580078125 2142.6337890625 2163.03125 2168.268798828125 2130.68359375 2140.683837890625 2132.474853515625 2121.593505859375 2120.771484375 2126.147705078125 2131.932861328125 2145.931396484375 2212.130615234375 2228.6796875 2234.197509765625 2235.15234375 2211.722900390625 2202.928955078125 2189.55810546875 2176.2158203125 2197.4287109375 2224.85595703125 2221.70458984375 2230.35693359375 2231.46142578125 2194.779052734375 2149.866943359375 2140.161376953125 2112.400146484375 2100.581298828125 2078.5595703125 2111.4951171875 2144.322265625 2143.808837890625 2142.255615234375
2085.637451171875 2078.546630859375 2061.753173828125 2059.451171875 2074.9130859375 2103.53125 2112.69482421875 2112.333984375 2123.464599609375 2132.90478515625 2141.464111328125 2150.82470703125 2164.896484375 2151.31884765625 2118.573974609375 2160.869140625 2149.89453125 2132.0693359375 2120.91162109375 2120.37158203125 2141.6962890625 2184.656005859375 2229.086669921875 2231.900634765625 2231.782470703125 2231.591796875 2205.9775390625 2205.896728515625 2213.870361328125 2192.16455078125 2158.403564453125 2160.088134765625 2151.7109375 2186.02978515625 2214.37841796875 2194.481689453125 2149.5419921875 2119.4775390625 2078.682373046875 2071.491455078125 2072.86669921875 2084.10693359375 2127.260009765625 2133.961669921875 2136.156982421875
2082.329833984375 2074.5703125 2055.566162109375 2071.27294921875 2083.976318359375 2104.990478515625 2109.023193359375 2113.546142578125 2121.199462890625 2125.4111328125 2137.59912109375 2146.42724609375 2159.650146484375 2140.6708984375 2113.158935546875 2140.962158203125 2130.311767578125 2152.0390625 2147.587646484375 2122.1865234375 2160.6044921875 2214.292236328125 2229.93701171875 2231.927734375 2231.798828125 2223.396484375 2207.562744140625 2208.966552734375 2223.577880859375 2198.434326171875 2166.71337890625 2151.3076171875 2142.640625 2158.57421875 2181.431884765625 2203.743896484375 2157.4970703125 2121.7841796875 2071.900146484375 2066.173828125 2061.945556640625 2069.01416015625 2086.8955078125 2126.867431640625 2130.902099609375
