watershed-scale-big-spring/data/model/dem.asc
ncols        64
nrows        61
xllcorner    392153.000000000000
yllcorner    3884381.000000000000
cellsize     200.000000000000
NODATA_value  -3.4028229999999999496e+38
[rows 0 to 19 of 61, columns 0 to 44 of 64]
2259.13525390625 2254.3291015625 2245.146240234375 2217.40185546875 2215.40771484375 2202.37109375 2200.01611328125 2192.543212890625 2199.398193359375 2204.573974609375 2228.596923828125 2223.447021484375 2192.100830078125 2176.626953125 2177.029296875 2187.556884765625 2186.6044921875 2172.096923828125 2169.59912109375 2163.87744140625 2158.500244140625 2161.530029296875 2167.23779296875 2179.44189453125 2186.254638671875 2185.14013671875 2158.5625 2141.76708984375 2126.316162109375 2125.089599609375 2124.68115234375 2125.655517578125 2125.44287109375 2127.39990234375 2135.753173828125 2140.478271484375 2137.45068359375 2139.049072265625 2138.34423828125 2140.49560546875 2142.051513671875 2142.914306640625 2138.09033203125 2164.104248046875 2185.057861328125
2271.6513671875 2241.38818359375 2239.1728515625 2224.36328125 2215.220947265625 2204.566650390625 2197.593994140625 2194.392822265625 2216.05126953125 2235.1005859375 2242.27490234375 2238.01025390625 2222.041015625 2180.543212890625 2177.04052734375 2178.5869140625 2180.918701171875 2168.203125 2171.8310546875 2164.599365234375 2174.3642578125 2172.873291015625 2180.63916015625 2182.46044921875 2184.306396484375 2178.356201171875 2134.421630859375 2130.448486328125 2127.89501953125 2125.95263671875 2124.9267578125 2125.082763671875 2124.9736328125 2126.497314453125 2131.837158203125 2138.6474609375 2131.9140625 2132.265380859375 2135.7412109375 2137.272705078125 2135.867919921875 2132.9453125 2133.357177734375 2146.74951171875 2156.095947265625
2261.589599609375 2246.835693359375 2227.03515625 2219.541015625 2218.09130859375 2202.691162109375 2196.744384765625 2193.75537109375 2202.405029296875 2215.8251953125 2232.572021484375 2221.39013671875 2212.7412109375 2183.974609375 2180.964599609375 2175.03173828125 2175.3427734375 2174.247802734375 2170.8310546875 2169.97802734375 2180.535400390625 2179.533447265625 2184.321533203125 2186.70849609375 2180.0068359375 2161.9365234375 2134.624755859375 2132.59716796875 2129.0595703125 2126.4404296875 2125.3232421875 2128.064697265625 2127.241943359375 2127.4052734375 2131.67333984375 2136.404296875 2131.48681640625 2132.08349609375 2136.547607421875 2136.86328125 2130.7705078125 2125.610107421875 2140.9599609375 2147.943115234375 2148.607421875
2262.8544921875 2230.924560546875 2224.343505859375 2214.23681640625 2211.909912109375 2215.35302734375 2200.825927734375 2195.133544921875 2190.490234375 2192.740234375 2204.764892578125 2209.8203125 2203.316650390625 2195.849365234375 2193.58251953125 2177.034423828125 2175.76806640625 2179.3427734375 2176.2041015625 2189.617919921875 2189.325439453125 2198.40185546875 2198.90234375 2195.27734375 2159.492919921875 2142.966064453125 2139.94140625 2136.169189453125 2130.994384765625 2127.464111328125 2125.8125 2124.7021484375 2128.47705078125 2131.17724609375 2130.47705078125 2130.2822265625 2130.810546875 2132.22607421875 2135.825439453125 2132.572265625 2123.15185546875 2126.37548828125 2129.3095703125 2137.330322265625 2137.979736328125
2268.564453125 2244.4296875 2232.66357421875 2221.39990234375 2212.669677734375 2203.3349609375 2204.8349609375 2195.095947265625 2189.454833984375 2189.08984375 2193.2841796875 2202.082275390625 2201.9892578125 2196.361083984375 2192.9189453125 2180.652587890625 2177.1123046875 2181.845703125 2181.498291015625 2205.15625 2201.335205078125 2205.716064453125 2205.832763671875 2204.877197265625 2156.9453125 2149.33740234375 2141.461181640625 2137.660400390625 2132.3291015625 2128.851318359375 2126.870361328125 2124.00732421875 2130.30126953125 2132.024658203125 2131.679931640625 2131.055908203125 2130.779541015625 2131.76416015625 2135.38134765625 2134.785400390625 2122.88916015625 2119.497314453125 2128.635498046875 2132.495361328125 2132.602294921875
2252.2744140625 2230.994384765625 2219.57666015625 2206.166259765625 2201.59716796875 2198.833740234375 2197.037109375 2195.2900390625 2190.535400390625 2189.01904296875 2187.324462890625 2187.878173828125 2193.350341796875 2186.4814453125 2181.990234375 2181.6005859375 2185.797119140625 2188.332763671875 2193.62158203125 2203.196044921875 2212.495361328125 2218.877197265625 2221.425048828125 2194.418701171875 2168.458251953125 2155.02685546875 2146.86279296875 2145.04931640625 2139.7763671875 2132.546142578125 2129.298095703125 2122.25244140625 2122.998779296875 2137.725830078125 2136.914794921875 2134.63037109375 2131.988037109375 2132.577392578125 2133.7109375 2133.297607421875 2126.74169921875 2120.318115234375 2114.384521484375 2124.719482421875 2125.757568359375
2267.564453125 2233.7587890625 2220.30712890625 2207.132568359375 2202.134521484375 2197.87646484375 2194.82763671875 2193.929443359375 2190.51611328125 2189.47265625 2187.9267578125 2186.9638671875 2186.3388671875 2186.160888671875 2184.42041015625 2186.888671875 2189.141845703125 2193.693359375 2200.294189453125 2209.5419921875 2220.65087890625 2218.849365234375 2225.4482421875 2191.177001953125 2163.76611328125 2161.545654296875 2155.3056640625 2151.935546875 2143.691650390625 2136.2314453125 2135.94482421875 2123.85791015625 2121.32177734375 2135.42822265625 2138.550048828125 2137.223388671875 2133.494873046875 2134.851806640625 2136.197509765625 2133.69873046875 2128.11669921875 2125.098876953125 2121.3798828125 2120.47705078125 2127.388916015625
2240.57958984375 2239.492919921875 2221.844970703125 2208.430908203125 2207.6220703125 2202.294189453125 2200.646484375 2194.192138671875 2197.19970703125 2196.376220703125 2187.32080078125 2186.767333984375 2195.70849609375 2193.533447265625 2187.5478515625 2189.55517578125 2199.1064453125 2203.491943359375 2206.353515625 2213.65576171875 2224.0205078125 2224.21533203125 2196.873046875 2188.56396484375 2205.767333984375 2202.815673828125 2174.822021484375 2167.595458984375 2162.3193359375 2149.3466796875 2143.26904296875 2128.10888671875 2124.074951171875 2123.153076171875 2134.58642578125 2138.812744140625 2137.4755859375 2136.669677734375 2136.087158203125 2134.40869140625 2130.026611328125 2130.43505859375 2112.552734375 2105.020751953125 2104.900390625
2249.489501953125 2233.031494140625 2224.499267578125 2228.619873046875 2231.117919921875 2226.18359375 2204.119384765625 2202.47802734375 2190.483642578125 2189.32666015625 2187.58349609375 2187.125244140625 2197.763671875 2211.0576171875 2204.82470703125 2194.785888671875 2193.607421875 2205.205810546875 2208.253173828125 2211.689453125 2206.28955078125 2192.505859375 2206.291748046875 2210.03662109375 2278.6083984375 2307.53515625 2239.25439453125 2211.925048828125 2167.90283203125 2164.221435546875 2152.064208984375 2147.80859375 2139.30615234375 2120.36376953125 2123.56640625 2134.732177734375 2139.720947265625 2141.11279296875 2142.661865234375 2140.754638671875 2141.155517578125 2139.361083984375 2106.826171875 2123.25830078125 2112.091796875
2234.283203125 2229.124267578125 2224.798095703125 2230.3876953125 2229.95654296875 2226.7607421875 2218.621826171875 2211.294677734375 2192.343017578125 2189.752685546875 2188.535888671875 2187.79052734375 2189.92333984375 2204.081787109375 2204.5673828125 2198.308349609375 2195.281005859375 2203.1171875 2204.72119140625 2212.38232421875 2200.119140625 2187.488037109375 2197.73974609375 2222.58154296875 2266.4853515625 2306.2998046875 2250.386962890625 2217.4111328125 2208.097412109375 2162.86083984375 2149.142822265625 2132.77783203125 2129.524169921875 2121.775146484375 2119.1240234375 2131.658935546875 2135.6201171875 2138.99267578125 2138.12060546875 2136.63623046875 2140.87451171875 2135.2919921875 2111.656982421875 2120.966796875 2098.525634765625
2219.07373046875 2206.326416015625 2213.16259765625 2213.990478515625 2220.810302734375 2221.687744140625 2223.1982421875 2218.4306640625 2204.535888671875 2197.65771484375 2194.181396484375 2194.3134765625 2192.840576171875 2195.580078125 2211.1416015625 2205.32763671875 2203.130615234375 2202.601318359375 2209.828369140625 2211.201416015625 2180.63720703125 2174.105712890625 2188.126220703125 2209.096923828125 2277.90771484375 2281.916259765625 2251.94091796875 2227.62353515625 2248.069580078125 2203.15966796875 2175.243408203125 2176.216064453125 2147.29345703125 2130.118896484375 2125.13720703125 2117.926513671875 2129.063720703125 2136.73583984375 2115.52685546875 2114.7275390625 2116.5078125 2110.841064453125 2098.962646484375 2093.76171875 2089.927734375
2214.563720703125 2198.765869140625 2196.918701171875 2198.1943359375 2213.022705078125 2212.33349609375 2216.204345703125 2214.12060546875 2209.19921875 2211.4150390625 2199.425537109375 2213.42041015625 2197.466552734375 2196.2216796875 2204.4775390625 2215.51025390625 2213.519775390625 2206.36328125 2213.68505859375 2205.5400390625 2170.485595703125 2171.647705078125 2187.644775390625 2201.92138671875 2239.50146484375 2240.181640625 2248.985595703125 2214.801513671875 2215.584228515625 2214.708740234375 2207.127197265625 2184.6728515625 2177.3251953125 2160.8134765625 2134.948486328125 2123.498046875 2117.39990234375 2116.70166015625 2117.246337890625 2117.6015625 2107.4462890625 2104.179443359375 2114.421142578125 2104.819091796875 2101.67626953125
2204.376220703125 2192.601806640625 2186.7119140625 2182.62109375 2189.4580078125 2199.8291015625 2195.361572265625 2202.098876953125 2228.93798828125 2236.832275390625 2239.068359375 2228.376708984375 2220.340087890625 2223.27734375 2226.2041015625 2213.083984375 2215.901611328125 2214.023193359375 2214.182373046875 2175.16357421875 2165.94677734375 2168.079345703125 2175.25244140625 2181.87109375 2197.989990234375 2197.454833984375 2228.315185546875 2226.305419921875 2182.883056640625 2175.78857421875 2174.77978515625 2167.73046875 2153.738037109375 2145.7314453125 2140.940673828125 2127.5654296875 2131.578125 2131.71337890625 2127.4560546875 2126.378662109375 2114.11181640625 2115.7216796875 2109.45068359375 2106.0556640625 2100.121337890625
2199.007568359375 2185.27685546875 2182.264404296875 2184.406005859375 2184.047607421875 2195.61767578125 2191.471923828125 2195.250732421875 2208.392333984375 2217.877685546875 2229.353271484375 2234.94091796875 2217.954833984375 2220.934326171875 2216.92626953125 2206.62060546875 2213.087890625 2214.67919921875 2213.225341796875 2170.19140625 2164.5625 2165.79248046875 2171.902587890625 2178.96923828125 2184.86669921875 2189.7822265625 2205.40234375 2212.744140625 2190.0390625 2169.08642578125 2164.6083984375 2157.96044921875 2164.474853515625 2164.322021484375 2161.584716796875 2147.787353515625 2155.396728515625 2143.190673828125 2133.44970703125 2129.814453125 2122.192626953125 2121.0654296875 2115.09326171875 2101.6826171875 2103.12744140625
2189.4501953125 2169.362548828125 2172.541748046875 2185.47998046875 2178.208984375 2177.587890625 2176.303466796875 2181.336669921875 2192.783935546875 2197.91650390625 2209.42431640625 2219.435302734375 2219.2060546875 2212.53857421875 2201.838623046875 2209.931884765625 2215.248779296875 2213.28515625 2202.678955078125 2169.619873046875 2162.472900390625 2167.212646484375 2174.0078125 2177.364501953125 2188.089599609375 2200.701171875 2208.610595703125 2202.088623046875 2197.66455078125 2194.272216796875 2190.54150390625 2185.47509765625 2191.0146484375 2187.952392578125 2187.067138671875 2182.1845703125 2166.897216796875 2153.909912109375 2116.80615234375 2111.604248046875 2122.06591796875 2116.34423828125 2098.783935546875 2087.55908203125 2083.43994140625
2183.017578125 2164.322509765625 2158.2421875 2175.915771484375 2166.876220703125 2161.9130859375 2164.47265625 2176.96240234375 2179.901123046875 2179.484375 2186.763671875 2192.457275390625 2198.27734375 2197.759033203125 2195.376953125 2205.922119140625 2211.93505859375 2183.63427734375 2168.01318359375 2166.44677734375 2158.5810546875 2166.630615234375 2174.33154296875 2179.38232421875 2209.55810546875 2248.83935546875 2237.556396484375 2224.310302734375 2211.55224609375 2204.10888671875 2199.364013671875 2205.838623046875 2200.300537109375 2200.18896484375 2192.10986328125 2171.069091796875 2137.164794921875 2157.19873046875 2146.057861328125 2133.966064453125 2113.24560546875 2115.10791015625 2122.28662109375 2105.506103515625 2100.50634765625
2178.3740234375 2161.118408203125 2155.2724609375 2153.990478515625 2154.13671875 2157.005859375 2176.2978515625 2183.216552734375 2184.427001953125 2174.41943359375 2178.854736328125 2183.523193359375 2193.26904296875 2191.82861328125 2195.032470703125 2206.307861328125 2207.61083984375 2168.358642578125 2166.27734375 2165.75 2157.576416015625 2159.656982421875 2175.77197265625 2180.08349609375 2202.975341796875 2230.114013671875 2224.258056640625 2217.327392578125 2211.939208984375 2207.094970703125 2205.906982421875 2201.878662109375 2195.6962890625 2194.880126953125 2193.78955078125 2177.47705078125 2155.875244140625 2163.50537109375 2152.59521484375 2157.28466796875 2112.595703125 2126.412109375 2129.403076171875 2119.693115234375 2114.6572265625
2166.644287109375 2164.432861328125 2164.905029296875 2141.745849609375 2141.723876953125 2170.75146484375 2179.93310546875 2183.790771484375 2162.614501953125 2158.581787109375 2155.916748046875 2161.128662109375 2179.76806640625 2184.16796875 2192.119140625 2177.637451171875 2165.60986328125 2163.676513671875 2162.73876953125 2163.711181640625 2154.876953125 2157.12890625 2174.06005859375 2181.978271484375 2200.384765625 2206.73486328125 2214.85693359375 2213.157470703125 2199.891845703125 2182.998779296875 2188.27880859375 2177.88916015625 2172.70703125 2170.67822265625 2174.294677734375 2171.656005859375 2164.06494140625 2170.678955078125 2165.30126953125 2167.228515625 2158.07470703125 2149.791259765625 2141.66455078125 2133.80029296875 2133.517578125
2154.840087890625 2164.879638671875 2173.732666015625 2139.998046875 2138.71240234375 2154.399658203125 2155.060791015625 2157.284423828125 2167.785888671875 2153.334228515625 2149.4423828125 2155.10546875 2166.61279296875 2184.5966796875 2190.12744140625 2160.98974609375 2151.96142578125 2154.9326171875 2145.28076171875 2157.31787109375 2154.0439453125 2155.05224609375 2172.05029296875 2180.4921875 2193.263671875 2197.7412109375 2210.097900390625 2206.89990234375 2200.726806640625 2176.046875 2176.472900390625 2175.851318359375 2172.40380859375 2167.7861328125 2168.013916015625 2164.77734375 2166.907958984375 2170.4267578125 2168.486328125 2166.54638671875 2161.618896484375 2157.3603515625 2144.332763671875 2138.623046875 2135.301025390625
2137.159423828125 2135.761474609375 2135.3388671875 2135.076416015625 2134.15283203125 2133.4521484375 2138.28173828125 2133.800537109375 2137.7958984375 2158.51708984375 2142.662353515625 2151.7431640625 2160.866455078125 2140.88037109375 2137.865478515625 2138.5439453125 2143.09619140625 2154.28759765625 2152.99658203125 2155.043701171875 2154.445068359375 2154.027099609375 2158.4453125 2170.758056640625 2183.24609375 2192.205078125 2195.6328125 2197.419921875 2194.197021484375 2171.2158203125 2181.755126953125 2217.203125 2195.60595703125 2171.080078125 2166.88525390625 2171.401611328125 2172.1611328125 2175.24267578125 2179.278564453125 2170.44140625 2162.953125 2161.131103515625 2154.374755859375 2149.55029296875 2142.707763671875
